T <-
12
firstdayofweek <-
c(1, 8, 15, 22, 29, 36, 43, 50, 57, 64, 71, 78)
intcp.mean <-
2.7058
intcp.se <-
0.0788
c.mean <-
-0.4696
c.se <-
0.2048
obs.ICU <-
structure(c(19, 43, 66, 47, 26, 26, 13, 10, 6, 2, 3, 163, 417, 
672, 736, 635, 392, 234, 150, 93, 69, 55), .Dim = c(11L, 2L))
CHILD <-
1
ADULT <-
2
y.pos <-
structure(c(312, 500, 420, 247, 139, 56, 21, 9, 4, 3, 0, 1072, 
1788, 1843, 926, 391, 132, 63, 33, 27, 6, 5), .Dim = c(11L, 2L
))
n.pos <-
structure(c(1168, 1611, 1468, 1204, 1018, 882, 805, 685, 518, 
405, 414, 2682, 4401, 4914, 3962, 3012, 1749, 1239, 858, 703, 
549, 474), .Dim = c(11L, 2L))
week <-
c(1, 1, 1, 1, 1, 1, 1, 1, 1, 1, 1, 1, 1, 1, 2, 2, 2, 2, 2, 2, 
2, 3, 3, 3, 3, 3, 3, 3, 4, 4, 4, 4, 4, 4, 4, 5, 5, 5, 5, 5, 5, 
5, 6, 6, 6, 6, 6, 6, 6, 7, 7, 7, 7, 7, 7, 7, 8, 8, 8, 8, 8, 8, 
8, 9, 9, 9, 9, 9, 9, 9, 10, 10, 10, 10, 10, 10, 10, 11)
